erreure relative | ntot | nb process | temps exec | speedup
1.489997150560515E-4 16000000 1 235 1.0
2.518138082933685E-4 16000000 1 239 1.0
6.615956717666145E-5 16000000 1 236 1.0

NWorkers,Time (ms),Speedup,Pi,Relative Error,Total Count,Ntot
1,15,2,47,3,1432640000,0,000532,1000000,1000000
2,18,2,06,3,1414760000,-0,000037,1000000,2000000
4,18,2,06,3,1424500000,0,000273,1000000,4000000
8,21,1,76,3,1412240000,-0,000117,1000000,8000000
16,42,0,88,3,1418097500,0,000069,1000000,16000000
32,67,0,55,3,1415240000,-0,000022,1000000,32000000
erreure relative | ntot | nb process | speedup
2,404342e-04 1000000 1 15 2,3
2,175159e-04 2000000 2 18 1,9
2,678089e-04 4000000 4 18 1,9
1,261610e-04 8000000 8 21 1,6
9,982084e-05 16000000 16 39 0,9
5,322590e-06 32000000 32 69 0,5
erreure relative | ntot | nb process | speedup
4,861695e-04 1000000 1 1,6
-4,000053e-04 2000000 2 1,3
-6,295067e-04 4000000 4 1,3
3,010723e-04 8000000 8 1,1
-1,253038e-04 16000000 16 0,6
5,479419e-07 32000000 32 0,3
erreure relative | ntot | nb process | speedup
1,841308e-05 16000000 1 1,0
5,998999e-06 16000000 2 1,6
-9,920242e-05 16000000 4 3,1
-2,277058e-06 16000000 8 5,8
2,954223e-04 16000000 16 5,5
7,300323e-05 16000000 32 6,8
erreure relative | ntot | nb process | speedup
3,273703e-05 16000000 1 1,0
1,358694e-04 16000000 2 1,6
-1,994326e-05 16000000 4 3,1
5,605323e-05 16000000 8 5,5
3,507286e-04 16000000 16 5,6
-1,176644e-04 16000000 32 6,4
erreure relative | ntot | nb process | speedup
7,944900e-05, 16000000, 1, 1,0
-1,940588e-04, 16000000, 2, 1,6
-1,958748e-06, 16000000, 4, 3,0
1,867194e-04, 16000000, 8, 5,5
1,121553e-04, 16000000, 16, 5,5
-3,152411e-06, 16000000, 32, 5,6
erreure relative | ntot | nb process | speedup
1,450208e-04 | 16000000 | 1 | 1,1
-1,186989e-04 | 16000000 | 2 | 1,7
-1,360468e-04 | 16000000 | 4 | 3,0
4,483280e-05 | 16000000 | 8 | 5,7
3,520393e-05 | 16000000 | 16 | 5,7
-1,924672e-04 | 16000000 | 32 | 6,9
erreure relative | ntot | nb process | speedup
-4,349819e-05 | 16000000 | 1 | 1,0
-1,330228e-04 | 16000000 | 2 | 1,6
2,400363e-04 | 16000000 | 4 | 3,3
-2,907454e-04 | 16000000 | 8 | 5,6
7,468856e-07 | 16000000 | 16 | 5,5
-7,847481e-06 | 16000000 | 32 | 6,8
erreure relative | ntot | nb process | speedup
2,836027e-05 | 16000000 | 1 | 1,0
1,158159e-04 | 16000000 | 2 | 1,6
9,218140e-05 | 16000000 | 4 | 2,9
2,561292e-04 | 16000000 | 8 | 5,7
3,932412e-04 | 16000000 | 16 | 5,4
7,670126e-06 | 16000000 | 32 | 6,4
